City, Lat, Lng, Max Temp, Humidity, Cloudiness, Wind Speed, Country, Date
Āreka, 7.07, 37.7, 56.8, 43, 30, 5.82, ET, 1605836099 
Twentynine Palms, 34.14, -116.05, 66.2, 32, 1, 3.36, US, 1605836100 
Port Elizabeth, -33.92, 25.57, 53.6, 93, 75, 4.7, ZA, 1605836101 
Rikitea, -23.12, -134.97, 70.65, 78, 52, 30.31, PF, 1605836102 
Wanning, 18.8, 110.4, 77.92, 85, 23, 3.38, CN, 1605835667 
Bluff, -46.6, 168.33, 66, 75, 99, 5.99, NZ, 1605835611 
Presidencia Roque Sáenz Peña, -26.79, -60.44, 67.12, 65, 4, 0.76, AR, 1605836104 
Hermanus, -34.42, 19.23, 61, 81, 0, 5.01, ZA, 1605835608 
Puerto Ayora, -0.74, -90.35, 71.01, 93, 75, 1.01, EC, 1605835588 
San Quintín, 30.48, -115.95, 67.95, 66, 85, 13.73, MX, 1605835679 
Ribeira Grande, 38.52, -28.7, 59.61, 69, 0, 11.48, PT, 1605835601 
Hengshui, 37.73, 115.7, 43.68, 61, 0, 5.84, CN, 1605836108 
Waingapu, -9.66, 120.26, 89.02, 55, 0, 9.55, ID, 1605835690 
Kagadi, 0.96, 30.8, 61.02, 98, 2, 2.13, UG, 1605836109 
Ponta Delgada, 37.73, -25.67, 60.8, 87, 40, 18.34, PT, 1605835591 
Punta Arenas, -53.15, -70.92, 53.6, 66, 0, 16.11, CL, 1605835420 
Bathsheba, 13.22, -59.52, 80.6, 78, 20, 18.34, BB, 1605835710 
Mar del Plata, -38, -57.56, 61, 93, 40, 4.7, AR, 1605835616 
Hofn, 64.25, -15.21, 38.19, 95, 100, 11.05, IS, 1605835706 
Coquimbo, -29.95, -71.34, 57.2, 82, 40, 5.82, CL, 1605835498 
Port-Cartier, 50.03, -66.87, 21, 85, 90, 4.7, CA, 1605836115 
Fortuna, 40.6, -124.16, 51.01, 93, 1, 10.29, US, 1605835501 
Bara, 10.37, 10.73, 72.86, 26, 100, 7.92, NG, 1605835665 
Mataura, -46.19, 168.86, 66, 75, 100, 5.99, NZ, 1605835593 
Mabaruma, 8.2, -59.78, 74.12, 96, 1, 3.94, GY, 1605836118 
Berdigestyakh, 62.1, 126.7, -6.66, 90, 100, 6.44, RU, 1605836119 
Hithadhoo, -0.6, 73.08, 81.23, 73, 99, 6.35, MV, 1605835616 
Lensk, 60.73, 114.93, 3.7, 90, 87, 8.81, RU, 1605836120 
Antofagasta, -23.65, -70.4, 60.8, 77, 75, 11.41, CL, 1605835907 
Basco, 20.45, 121.97, 81.18, 84, 1, 16.93, PH, 1605836122 
Hualmay, -11.1, -77.61, 64.78, 82, 57, 6.98, PE, 1605835699 
Esperance, -33.87, 121.9, 71.6, 68, 27, 11.41, AU, 1605835658 
Gouyave, 12.16, -61.73, 82.4, 74, 20, 16.11, GD, 1605836124 
Castro, -24.79, -50.01, 53.31, 97, 36, 8.3, BR, 1605835628 
Vaini, -21.2, -175.2, 80.6, 78, 75, 10.29, TO, 1605835585 
Ankazobe, -18.32, 47.12, 59, 82, 20, 1.12, MG, 1605836126 
Flinders, -34.58, 150.86, 93, 51, 20, 10.29, AU, 1605835686 
Chui, -33.7, -53.46, 57.63, 74, 0, 5.19, UY, 1605835642 
Gobabis, -22.45, 18.97, 73.35, 22, 26, 12.82, NA, 1605836128 
Qaanaaq, 77.48, -69.36, 28.24, 90, 100, 11.61, GL, 1605835629 
Simao, 22.79, 100.97, 65.48, 57, 0, 1.74, CN, 1605836131 
Ushuaia, -54.8, -68.3, 50, 66, 40, 12.75, AR, 1605835941 
Baní, 18.28, -70.33, 73.99, 92, 100, 4, DO, 1605836132 
Yumen, 40.28, 97.2, 19.06, 97, 100, 7.96, CN, 1605835658 
Strizhi, 58.46, 49.29, 29.91, 93, 100, 18.12, RU, 1605836134 
Bethel, 41.37, -73.41, 42.8, 48, 1, 12.75, US, 1605835539 
Kavaratti, 10.57, 72.64, 82.22, 78, 90, 10.69, IN, 1605835618 
Kapaa, 22.08, -159.32, 80.6, 78, 90, 13.87, US, 1605835583 
Henties Bay, -22.12, 14.28, 57, 89, 11, 4, NA, 1605835638 
Komsomol'skoye, 55.26, 47.55, 25.95, 82, 88, 18.41, RU, 1605836138 
Iquitos, -3.75, -73.25, 78.8, 88, 75, 2.24, PE, 1605836138 
Yellowknife, 62.46, -114.35, 3.2, 84, 75, 4.7, CA, 1605835594 
Puerto Escondido, 15.85, -97.07, 82.4, 74, 75, 3.36, MX, 1605836140 
Caravelas, -17.71, -39.25, 75.83, 91, 100, 9.13, BR, 1605835607 
Beloha, -25.17, 45.05, 65.05, 91, 1, 5.79, MG, 1605836141 
Oriximiná, -1.77, -55.87, 76.1, 85, 54, 1.86, BR, 1605836142 
Obama, 35.5, 135.75, 70, 85, 100, 10.58, JP, 1605836143 
Hernani, 43.27, -1.98, 51.01, 69, 100, 1.01, ES, 1605836144 
Sawākin, 19.11, 37.33, 81.45, 70, 32, 2.39, SD, 1605835646 
Baykit, 61.67, 96.37, 7.52, 91, 100, 3.4, RU, 1605836145 
Ust'-Kishert', 57.37, 57.25, 21.27, 95, 100, 21.56, RU, 1605836147 
Upernavik, 72.79, -56.15, 27.14, 92, 98, 6.55, GL, 1605835583 
Jamestown, 42.1, -79.24, 55.4, 30, 40, 19.46, US, 1605835498 
Nikolskoye, 59.7, 30.79, 44.6, 75, 75, 11.18, RU, 1605835584 
Talnakh, 69.49, 88.4, 12.2, 85, 90, 22.37, RU, 1605835586 
Māngrol, 21.12, 70.12, 69.62, 39, 20, 12.97, IN, 1605836151 
Ilulissat, 69.22, -51.1, 33.8, 43, 100, 14.99, GL, 1605835685 
Vanimo, -2.67, 141.3, 85.69, 66, 100, 3.29, PG, 1605835686 
Carauari, -4.88, -66.9, 77.94, 86, 24, 1.28, BR, 1605836155 
Registro, -24.49, -47.84, 62.47, 97, 88, 0.36, BR, 1605836156 
Shūshtar, 32.05, 48.86, 68.36, 46, 93, 0.94, IR, 1605836157 
Busselton, -33.65, 115.33, 68, 84, 56, 1.99, AU, 1605835591 
Bredasdorp, -34.53, 20.04, 51.8, 93, 0, 3.36, ZA, 1605835588 
Buraidah, 26.33, 43.98, 66.2, 68, 0, 10.29, SA, 1605836053 
Souillac, -20.52, 57.52, 69.8, 88, 75, 6.85, MU, 1605835582 
Thompson, 55.74, -97.86, 8.6, 84, 40, 6.93, CA, 1605835621 
Kouqian, 43.64, 126.46, 20.61, 95, 100, 5.37, CN, 1605836161 
Cape Town, -33.93, 18.42, 64, 63, 0, 4.7, ZA, 1605835432 
Slave Lake, 55.28, -114.77, 8.6, 84, 75, 3.36, CA, 1605836163 
Isabela, 6.71, 121.97, 86, 79, 99, 5.82, PH, 1605836164 
Tuatapere, -46.13, 167.68, 66, 75, 100, 5.99, NZ, 1605835607 
Des Moines, 41.6, -93.61, 61, 62, 20, 6.93, US, 1605835547 
Nanortalik, 60.14, -45.24, 31.37, 97, 100, 11.99, GL, 1605835476 
Lafia, 8.48, 8.52, 73.92, 44, 24, 1.61, NG, 1605836171 
Kenai, 60.55, -151.26, 24.01, 73, 90, 14.99, US, 1605835606 
Longyearbyen, 78.22, 15.64, 17.6, 57, 75, 11.41, SJ, 1605835284 
Dali, 25.7, 100.18, 52.93, 59, 0, 3.96, CN, 1605836173 
Owando, -0.48, 15.9, 70.48, 99, 89, 3.13, CG, 1605836174 
Pokhara, 28.23, 83.98, 59.94, 33, 0, 3.85, NP, 1605836175 
Brejo Santo, -7.49, -38.99, 82.4, 54, 40, 2.24, BR, 1605836175 
Jacareacanga, -6.22, -57.75, 74.62, 90, 100, 1.7, BR, 1605836176 
Cherskiy, 68.75, 161.3, 5, 95, 84, 3.49, RU, 1605835640 
Ovalle, -30.6, -71.2, 48.78, 84, 4, 2.04, CL, 1605836177 
Utiel, 39.57, -1.2, 48.99, 76, 0, 4, ES, 1605836178 
Khatanga, 71.97, 102.5, 15.35, 96, 100, 15.7, RU, 1605835672 
Barrow, 71.29, -156.79, 21.2, 85, 90, 14.99, US, 1605835557 
College, 64.86, -147.8, 7, 68, 20, 2.1, US, 1605835699 
Nukus, 42.45, 59.61, 3.2, 65, 0, 4.7, UZ, 1605836182 
San Patricio, 28.02, -97.52, 71.6, 73, 20, 10.29, US, 1605835686 
Pevek, 69.7, 170.31, 16.43, 97, 100, 2.53, RU, 1605835617 
Yangi Marg`ilon, 40.43, 71.72, 19.4, 85, 0, 2.08, UZ, 1605836184 
Nioro, 13.35, -15.75, 73.49, 24, 73, 0.65, GM, 1605836185 
Omboué, -1.57, 9.26, 76.55, 91, 100, 6.85, GA, 1605836186 
Saint Paul Harbor, 57.79, -152.41, 37.4, 93, 90, 3.36, US, 1605835345 
Ozark, 37.02, -93.21, 64.4, 42, 1, 12.75, US, 1605836049 
Pengcheng, 36.43, 114.17, 45.61, 67, 92, 4.97, CN, 1605836188 
Taloqan, 36.74, 69.53, 28.24, 93, 58, 0.74, AF, 1605836188 
New Norfolk, -42.78, 147.06, 68, 42, 100, 3, AU, 1605835604 
Brejinho, -6.19, -35.36, 78.8, 83, 20, 6.93, BR, 1605836190 
Marrakesh, 31.63, -8.01, 60.8, 44, 0, 2.24, MA, 1605835699 
Kavieng, -2.57, 150.8, 84.07, 74, 100, 8.9, PG, 1605835619 
Katsuura, 35.13, 140.3, 73.4, 83, 75, 27.51, JP, 1605836194 
Port Alfred, -33.59, 26.89, 60.03, 70, 20, 3.36, ZA, 1605836195 
Amapá, 1, -52, 73.38, 94, 100, 2.13, BR, 1605836196 
Turukhansk, 65.82, 87.98, 9.36, 95, 100, 14, RU, 1605835617 
Myitkyina, 25.38, 97.4, 68.02, 65, 0, 2.08, MM, 1605836198 
Bonfim, 3.08, -59.95, 78.76, 76, 100, 7.87, BR, 1605836198 
Tazovsky, 67.47, 78.7, 8.42, 95, 100, 12.37, RU, 1605835661 
Sirte, 31.21, 16.59, 66.61, 76, 0, 13.6, LY, 1605836200 
Elliot, -31.33, 27.85, 46.76, 92, 99, 4.16, ZA, 1605836200 
Palmer, 42.16, -72.33, 41, 56, 75, 8.05, US, 1605836202 
Fallon, 39.47, -118.78, 44.6, 39, 20, 8.05, US, 1605836202 
Mbaïki, 3.87, 17.99, 72.21, 66, 0, 1.48, CF, 1605836204 
Lagoa, 39.05, -27.98, 59.45, 75, 5, 16.15, PT, 1605835623 
Mandera, 3.94, 41.87, 78.73, 58, 0, 6.69, KE, 1605836206 
Saint George, 37.1, -113.58, 64.4, 25, 1, 6.93, US, 1605835931 
Tual, -5.67, 132.75, 84.45, 72, 85, 7.92, ID, 1605836207 
Safi, 32.3, -9.24, 67.73, 69, 100, 0.85, MA, 1605836098 
Cowra, -33.83, 148.68, 95, 25, 0, 5.99, AU, 1605836208 
Ancud, -41.87, -73.82, 55, 93, 90, 11.41, CL, 1605835682 
Merauke, -8.47, 140.33, 87.28, 66, 95, 9.8, ID, 1605835667 
Mishan, 45.55, 131.88, 21.58, 97, 100, 15.1, CN, 1605836211 
Khunti, 23.08, 85.28, 64.4, 93, 75, 4.7, IN, 1605836212 
Nevers, 46.99, 3.16, 43, 87, 35, 6.49, FR, 1605836213 
Najrān, 17.49, 44.13, 55.4, 43, 0, 0.51, SA, 1605835636 
Atuona, -9.8, -139.03, 78.51, 70, 45, 8.61, PF, 1605836214 
Sassandra, 4.95, -6.08, 77.2, 86, 0, 5.32, CI, 1605836216 
Butaritari, 3.07, 172.79, 82.6, 79, 72, 16.15, KI, 1605836217 
Disna, 55.57, 28.2, 44.56, 77, 100, 15.82, BY, 1605836217 
Srandakan, -7.94, 110.25, 86.34, 69, 62, 7.49, ID, 1605836218 
Hobart, -42.88, 147.33, 70, 59, 75, 27.51, AU, 1605835965 
Cidreira, -30.18, -50.21, 64.76, 66, 19, 7.23, BR, 1605835635 
Ambulu, -8.35, 113.61, 87.06, 64, 26, 2.19, ID, 1605836220 
Dunedin, -45.87, 170.5, 61, 71, 100, 5.01, NZ, 1605835950 
Cabo San Lucas, 22.89, -109.91, 82.4, 61, 5, 3.49, MX, 1605835626 
Lebu, -37.62, -73.65, 52.72, 86, 95, 2.06, CL, 1605836223 
Faanui, -16.48, -151.75, 80.28, 73, 62, 8.95, PF, 1605836224 
Saskylakh, 71.92, 114.08, 17.47, 95, 100, 12.1, RU, 1605836225 
Camacha, 33.08, -16.33, 68, 82, 40, 8.05, PT, 1605836226 
Vestmannaeyjar, 63.44, -20.27, 42.19, 80, 100, 15.55, IS, 1605835665 
Albany, 42.6, -73.97, 41, 55, 75, 18.34, US, 1605836116 
Faya, 18.39, 42.45, 53.6, 81, 0, 1.34, SA, 1605835714 
Portland, 45.52, -122.68, 46.99, 87, 89, 3, US, 1605836043 
Siderno, 38.28, 16.3, 63, 97, 12, 4.7, IT, 1605836229 
Chipiona, 36.74, -6.44, 59, 82, 0, 8.05, ES, 1605836231 
Santa Helena, -2.23, -45.3, 73.96, 95, 100, 3.78, BR, 1605836174 
Nipawin, 53.37, -104, 15.8, 72, 90, 9.17, CA, 1605836233 
Yong’an, 39.7, 113.69, 31.24, 81, 0, 0.56, CN, 1605836234 
Tegul'det, 57.31, 88.17, 14.68, 95, 100, 12.44, RU, 1605836236 
Dingle, 11, 122.67, 83.53, 79, 3, 9.33, PH, 1605835651 
Vardø, 70.37, 31.11, 38.05, 94, 100, 28.74, NO, 1605836238 
Torbay, 47.67, -52.73, 28.99, 58, 90, 21.92, CA, 1605836123 
Teahupoo, -17.83, -149.27, 84.2, 66, 75, 10.29, PF, 1605836240 
Progreso, 21.28, -89.67, 77, 83, 75, 9.17, MX, 1605836241 
Monticello, 45.31, -93.79, 44.6, 81, 1, 7.2, US, 1605836242 
Chokurdakh, 70.63, 147.92, -10.75, 90, 69, 4.92, RU, 1605835649 
Shingū, 33.73, 135.98, 71.6, 94, 75, 12.75, JP, 1605835721 
Egvekinot, 66.32, -179.17, 24.35, 99, 100, 6.22, RU, 1605836244 
Rāwah, 34.48, 41.91, 57.88, 46, 100, 7.09, IQ, 1605836245 
Yar-Sale, 66.83, 70.83, 20.53, 97, 100, 18.48, RU, 1605835648 
Si Satchanalai, 17.52, 99.76, 80.01, 94, 20, 2.24, TH, 1605836247 
Paamiut, 61.99, -49.67, 31.46, 94, 77, 6.04, GL, 1605835663 
Iwaki, 37.05, 140.88, 73, 80, 100, 1.99, JP, 1605836248 
Namatanai, -3.67, 152.43, 78.46, 87, 100, 6.76, PG, 1605835663 
Bambous Virieux, -20.34, 57.76, 70, 88, 75, 8.9, MU, 1605835671 
Constitución, -35.33, -72.42, 54.07, 82, 100, 4, CL, 1605835662 
Sioux Lookout, 50.1, -91.92, 26.6, 79, 90, 8.05, CA, 1605836251 
Kahului, 20.89, -156.47, 84.2, 54, 40, 23.04, US, 1605835994 
Port Blair, 11.67, 92.75, 81.99, 75, 68, 11.95, IN, 1605836253 
East London, -33.02, 27.91, 63.75, 60, 98, 1.57, ZA, 1605836089 
Saint-Philippe, -21.36, 55.77, 69.8, 56, 20, 9.17, RE, 1605836254 
Florida, 28.75, -82.5, 64.4, 93, 90, 4.7, US, 1605836255 
Rawson, -43.3, -65.1, 71.28, 39, 52, 26.96, AR, 1605836256 
Meulaboh, 4.14, 96.13, 80.55, 78, 37, 6.26, ID, 1605836258 
Curvelo, -18.76, -44.43, 71.83, 92, 100, 3.83, BR, 1605836259 
Carnarvon, -24.87, 113.63, 75.2, 53, 97, 23.04, AU, 1605836260 
Kruisfontein, -34, 24.73, 51.01, 96, 0, 4.09, ZA, 1605836261 
Ongandjera, -17.88, 15.07, 74.93, 27, 46, 7.72, NA, 1605836262 
Airai, -8.93, 125.41, 79.34, 45, 68, 4.47, TL, 1605836262 
Moussoro, 13.64, 16.49, 73.35, 21, 0, 13.51, TD, 1605836263 
Mānsa, 29.98, 75.38, 57.36, 37, 0, 3.56, IN, 1605836264 
Urucará, -2.54, -57.76, 78.62, 77, 86, 1.95, BR, 1605836265 
Kisangani, 0.52, 25.2, 70.47, 97, 99, 0.54, CD, 1605836265 
Beringovskiy, 63.05, 179.32, 34.52, 87, 100, 8.77, RU, 1605835698 
Adrar, 20.5, -10.07, 69.6, 26, 50, 9.8, MR, 1605836267 
Bulgan, 48.81, 103.53, 11.14, 91, 100, 2.19, MN, 1605836268 
George Town, 5.41, 100.34, 80.6, 83, 20, 4.7, MY, 1605836269 
Akropong, 5.97, -0.09, 77, 94, 0, 6.93, GH, 1605836270 
Anadyr, 64.75, 177.48, 33.8, 80, 40, 6.71, RU, 1605836271 
Monte Alegre, -2.01, -54.07, 76.53, 89, 100, 3.04, BR, 1605836272 
Letnik, 46.01, 41.27, 36.18, 81, 89, 15.75, RU, 1605836273 
Severo-Kuril'sk, 50.68, 156.12, 33.19, 89, 100, 10.49, RU, 1605836273 
Fairbanks, 64.84, -147.72, 7, 76, 1, 2.04, US, 1605835693 
Meadow Lake, 34.8, -106.54, 68, 20, 20, 9.17, US, 1605836275 
Lompoc, 34.64, -120.46, 57.2, 76, 1, 11.41, US, 1605836251 
Kiryat Gat, 31.61, 34.76, 64, 100, 0, 1.01, IL, 1605835982 
Den Helder, 52.96, 4.76, 48, 63, 75, 16.11, NL, 1605836278 
Khandyga, 62.67, 135.6, -7.46, 90, 100, 0.67, RU, 1605836279 
Vengerovo, 55.68, 76.75, 12.81, 95, 99, 12.26, RU, 1605836279 
Praia da Vitória, 38.73, -27.07, 59, 72, 75, 12.39, PT, 1605836280 
Banyo, 6.75, 11.82, 67.98, 54, 58, 2.62, CM, 1605836282 
Raymondville, 26.48, -97.78, 73.4, 64, 1, 9.17, US, 1605836283 
Pajapan, 18.25, -94.7, 73.4, 88, 90, 19.46, MX, 1605836283 
Ponta do Sol, 32.67, -17.1, 68, 68, 40, 12.75, PT, 1605836284 
Malacacheta, -17.84, -42.08, 67.5, 95, 100, 3.6, BR, 1605836286 
Dikson, 73.51, 80.55, 17.17, 97, 100, 25.01, RU, 1605836287 
Aknīste, 56.16, 25.75, 39.67, 73, 100, 12.12, LV, 1605836288 
Channel-Port aux Basques, 47.57, -59.14, 32.22, 92, 100, 16.53, CA, 1605836290 
Khalkhāl, 37.62, 48.53, 32.58, 95, 79, 3.13, IR, 1605836290 
Coahuayana Viejo, 18.73, -103.68, 84.2, 48, 20, 1.86, MX, 1605836291 
Lavrentiya, 65.58, -171, 26.6, 96, 100, 10.8, RU, 1605836292 
Adré, 13.47, 22.2, 66.04, 29, 0, 8.95, TD, 1605836293 
Klaksvík, 62.23, -6.59, 39.2, 80, 86, 12.75, FO, 1605836293 
Hasaki, 35.73, 140.83, 73.4, 78, 75, 11.41, JP, 1605836294 
Calafell, 41.2, 1.57, 55, 100, 57, 3, ES, 1605836295 
Jinchang, 38.5, 102.17, 31.05, 88, 48, 18.23, CN, 1605836296 
Kununurra, -15.77, 128.73, 93.2, 49, 0, 8.05, AU, 1605836296 
Tuktoyaktuk, 69.45, -133.04, -0.4, 77, 20, 9.17, CA, 1605836297 
Samarinda, -0.5, 117.15, 90.12, 59, 100, 1.52, ID, 1605836016 
Sur, 22.57, 59.53, 75, 60, 0, 9.62, OM, 1605836298 
Saldanha, -33.01, 17.94, 60.8, 67, 0, 3.36, ZA, 1605836299 
Port Hedland, -20.32, 118.57, 89.6, 52, 40, 3.36, AU, 1605836295 
Pacific Grove, 36.62, -121.92, 55.99, 82, 1, 9.82, US, 1605835574 
Xinzhi, 36.5, 111.7, 45.97, 53, 89, 3.2, CN, 1605836302 
La Ronge, 55.1, -105.28, 12.2, 78, 89, 9.17, CA, 1605836303 
Sistranda, 63.73, 8.83, 37.4, 73, 75, 35.57, NO, 1605836304 
Avarua, -21.21, -159.78, 80.6, 83, 61, 11.41, CK, 1605836305 
Cserszegtomaj, 46.8, 17.22, 44.6, 87, 100, 6.93, HU, 1605836306 
Port Hardy, 50.7, -127.42, 44.6, 93, 75, 5.82, CA, 1605836307 
Vitim, 59.45, 112.56, 5.43, 92, 100, 8.93, RU, 1605836308 
Novy Urengoy, 66.08, 76.63, 11.53, 96, 100, 13.49, RU, 1605836308 
Camaná, -16.62, -72.71, 64.31, 76, 10, 7.56, PE, 1605836309 
Cabedelo, -6.98, -34.83, 78.8, 88, 20, 4.7, BR, 1605836064 
Mariestad, 58.71, 13.82, 35.6, 64, 87, 8.05, SE, 1605836311 
Lagan, 45.39, 47.37, 39.15, 73, 9, 24.76, RU, 1605836311 
Santa Adélia, -21.24, -48.8, 65.97, 76, 69, 10.87, BR, 1605836312 
Dhidhdhoo, 6.88, 73.1, 81.88, 78, 85, 9.44, MV, 1605836313 
Mitú, 1.2, -70.17, 74.62, 96, 100, 1.83, CO, 1605836314 
Olafsvik, 64.89, -23.71, 35.83, 92, 100, 16.31, IS, 1605836315 
Provideniya, 64.38, -173.3, 30.2, 80, 90, 13.42, RU, 1605836316 
Codrington, -38.27, 141.97, 62.85, 76, 100, 12.28, AU, 1605836317 
São Félix do Xingu, -6.64, -51.99, 71.13, 96, 100, 0.27, BR, 1605836318 
Galle, 6.04, 80.22, 78.98, 83, 37, 2.68, LK, 1605836318 
Hobyo, 5.35, 48.53, 78.73, 75, 53, 16.78, SO, 1605836319 
Husavik, 66.04, -17.34, 30.2, 74, 0, 8.05, IS, 1605836320 
Hilo, 19.73, -155.09, 80.6, 69, 75, 9.17, US, 1605836067 
Omsukchan, 62.53, 155.8, -6.74, 86, 100, 4.9, RU, 1605836322 
Hervey Bay, -25.3, 152.85, 86, 45, 40, 14.99, AU, 1605836323 
Merrill, 45.18, -89.68, 46.4, 86, 1, 4.59, US, 1605836324 
Belaya Gora, 68.53, 146.42, -4.83, 89, 100, 2.42, RU, 1605836325 
Victor Harbor, -35.57, 138.62, 64, 74, 86, 11.9, AU, 1605836326 
Muros, 42.78, -9.06, 53.01, 81, 7, 1.01, ES, 1605836327 
Malakanagiri, 18.35, 81.9, 72.61, 78, 61, 0.87, IN, 1605836328 
Bengkulu, -3.8, 102.27, 82.42, 72, 100, 3.09, ID, 1605836328 
The Pas, 53.83, -101.25, 14, 72, 90, 12.75, CA, 1605836330 
Kaitangata, -46.28, 169.85, 66.99, 65, 100, 1.99, NZ, 1605836330 
Shihezi, 44.3, 86.03, 19.13, 92, 0, 1.88, CN, 1605836331 
Rosetown, 51.55, -108, 14, 85, 100, 11.41, CA, 1605836332 
Mersing, 2.43, 103.84, 80.6, 88, 40, 3.36, MY, 1605836332 
Kangaatsiaq, 68.31, -53.46, 31.5, 96, 100, 9.06, GL, 1605836333 
São Filipe, 14.9, -24.5, 78.53, 71, 40, 7.14, CV, 1605836334 
Malbork, 54.04, 19.03, 37, 100, 18, 13.38, PL, 1605836334 
Gillette, 44.29, -105.5, 36, 81, 6, 1.99, US, 1605836335 
Grindavik, 63.84, -22.43, 35.6, 93, 90, 10.29, IS, 1605836336 
Chhāpar, 27.82, 74.4, 55.42, 38, 0, 4.52, IN, 1605836336 
Elliot Lake, 46.38, -82.63, 46.4, 81, 1, 5.82, CA, 1605836337 
Ţahţā, 26.77, 31.5, 59, 77, 0, 4.7, EG, 1605836338 
Samagaltay, 50.6, 95, -1.62, 82, 91, 2.91, RU, 1605836338 
Ostrovnoy, 68.05, 39.51, 37.08, 92, 92, 20.83, RU, 1605836339 
Erbil, 36.19, 44.01, 48.2, 70, 0, 2.24, IQ, 1605836340 
Coyhaique, -45.58, -72.07, 64.4, 52, 0, 3.36, CL, 1605836342 
Mahébourg, -20.41, 57.7, 69.8, 88, 75, 9.04, MU, 1605836343 
Gold Coast, -28, 153.43, 81, 50, 14, 9.17, AU, 1605836344 
Alofi, -19.06, -169.92, 82.4, 83, 75, 6.93, NU, 1605836346 
Chirongui, -12.93, 45.15, 78.8, 83, 20, 6.93, YT, 1605836346 
Port Macquarie, -31.43, 152.92, 89.01, 43, 99, 3, AU, 1605836347 
Iqaluit, 63.75, -68.51, -2, 77, 5, 12.75, CA, 1605836348 
Marquette, 46.53, -87.63, 41, 76, 96, 3, US, 1605836349 
Enumclaw, 47.2, -121.99, 45, 85, 99, 4.76, US, 1605836349 
Tromsø, 69.65, 18.96, 32, 94, 90, 50.55, NO, 1605836350 
Liverpool, 53.41, -2.98, 42.8, 81, 89, 8.05, GB, 1605836351 
Bangor, 54.65, -5.67, 44.01, 93, 100, 6.93, GB, 1605836352 
Chesma, 53.81, 60.65, 20.79, 88, 0, 12.35, RU, 1605836353 
Toora-Khem, 52.47, 96.11, 5.67, 90, 100, 2.3, RU, 1605836353 
Hastings, 50.86, 0.57, 39.99, 81, 11, 1.01, GB, 1605836354 
Cockburn Town, 21.46, -71.14, 80.8, 78, 77, 22.37, TC, 1605836355 
Porto Walter, -8.27, -72.74, 74.17, 91, 6, 0.49, BR, 1605836355 
Mnogovershinnyy, 53.94, 139.92, 20.26, 93, 30, 8.48, RU, 1605836356 
Chul'man, 56.85, 124.91, 0.14, 91, 100, 2.21, RU, 1605836357 
Aloleng, 16.13, 119.78, 85.12, 68, 0, 7.74, PH, 1605836358 
Karratha, -20.74, 116.85, 93.47, 28, 3, 9.53, AU, 1605836259 
Westport, 41.14, -73.36, 48.2, 45, 1, 21.92, US, 1605836118 
Padang, -0.95, 100.35, 81.14, 76, 100, 3.04, ID, 1605836284 
Berlevåg, 70.86, 29.09, 35.08, 93, 100, 33.84, NO, 1605836362 
Rafai, 4.95, 23.92, 70.79, 76, 9, 1.1, CF, 1605836363 
Catumbela, -12.43, 13.55, 73.76, 83, 81, 3.69, AO, 1605836364 
Pundaguitan, 6.37, 126.17, 82.69, 76, 12, 5.46, PH, 1605836365 
Arraial do Cabo, -22.97, -42.03, 72.05, 87, 100, 24.32, BR, 1605836365 
Porto-Novo, 6.5, 2.6, 80.6, 83, 20, 5.82, BJ, 1605836361 
Yenagoa, 4.92, 6.26, 75.87, 91, 70, 2.95, NG, 1605836367 
Los Llanos de Aridane, 28.66, -17.92, 68, 77, 40, 8.05, ES, 1605836180 
Rome, 43.21, -75.46, 46.4, 45, 1, 4.7, US, 1605836369 
Dutlwe, -23.98, 23.9, 78.08, 45, 99, 6.89, BW, 1605836369 
Guerrero Negro, 27.98, -114.06, 68.18, 74, 48, 10.6, MX, 1605836201 
Nantucket, 41.28, -70.1, 51.8, 71, 75, 20.8, US, 1605836146 
Port Maria, 18.37, -76.89, 75, 91, 89, 1.99, JM, 1605836371 
Senanga, -16.12, 23.27, 69.51, 90, 100, 2.01, ZM, 1605836372 
Boueni, -12.9, 45.08, 78.8, 83, 20, 6.93, YT, 1605836373 
Hirado, 33.36, 129.55, 64, 67, 75, 11.41, JP, 1605836343 
Roebourne, -20.78, 117.13, 92.28, 30, 90, 9.75, AU, 1605836374 
Sørland, 67.67, 12.69, 37.76, 76, 100, 28.05, NO, 1605836375 
Qui Nhon, 13.77, 109.23, 78.58, 81, 19, 5.59, VN, 1605836376 
Marawi, 8, 124.29, 82.99, 78, 52, 5.99, PH, 1605836377 
Petra, 30.32, 35.48, 48.97, 75, 0, 1.88, JO, 1605836378 
Salina, 38.84, -97.61, 59, 44, 1, 2.55, US, 1605836342 
San Andrés, 12.58, -81.7, 80.6, 88, 40, 6.93, CO, 1605836379 
Salalah, 17.02, 54.09, 73.4, 56, 0, 4.7, OM, 1605836083 
Vieux-Habitants, 16.06, -61.77, 77, 83, 40, 4.7, GP, 1605836381 
Kuytun, 54.34, 101.5, 13.69, 92, 100, 11.99, RU, 1605836382 
Petatlán, 17.52, -101.27, 76.75, 78, 17, 3.67, MX, 1605836383 
Warman, 52.32, -106.57, 14, 92, 90, 6.93, CA, 1605836384 
Pathein, 16.78, 94.73, 73.6, 76, 100, 5.97, MM, 1605836385 
Xinyu, 27.8, 114.93, 62.89, 62, 99, 5.86, CN, 1605836386 
Springdale, 36.19, -94.13, 64.4, 52, 1, 13.87, US, 1605836219 
Benguela, -12.58, 13.41, 74.32, 81, 84, 4.21, AO, 1605836388 
High Level, 58.52, -117.14, -0.4, 91, 5, 4.7, CA, 1605836388 
Udachny, 66.42, 112.4, 1.4, 84, 0, 6.71, RU, 1605836389 
Griffith, 41.53, -87.42, 59, 41, 1, 23.04, US, 1605836390 
İskilip, 40.74, 34.47, 32.76, 92, 100, 4.34, TR, 1605836391 
Lüderitz, -26.65, 15.16, 60.01, 76, 0, 8.59, NA, 1605836392 
North Bend, 43.41, -124.22, 50, 87, 1, 2.8, US, 1605836393 
Tasiilaq, 65.61, -37.64, 30.2, 68, 100, 25.28, GL, 1605836393 
Cayenne, 4.93, -52.33, 77, 100, 90, 5.68, GF, 1605836394 
Berezovyy, 51.67, 135.7, 23.81, 83, 100, 1.68, RU, 1605836395 
Arrondissement de Vesoul, 47.58, 5.83, 43, 100, 75, 5.82, FR, 1605836108 
Bose, 45.46, 8.01, 42.01, 100, 1, 3.36, IT, 1605836396 
Vila Franca do Campo, 37.72, -25.43, 60.8, 87, 40, 18.34, PT, 1605836397 
Sarankhola, 22.31, 89.79, 76.78, 74, 14, 1.48, BD, 1605836398 
Pangkalanbuun, -2.68, 111.62, 90.61, 56, 23, 0.81, ID, 1605836398 
Kroya, -7.63, 109.25, 83.62, 76, 74, 6.31, ID, 1605836399 
Tautira, -17.73, -149.15, 84.2, 66, 75, 10.29, PF, 1605836400 
Sola, -13.88, 167.55, 80.35, 84, 100, 18.86, VU, 1605836401 
Ferkessédougou, 9.6, -5.2, 71.62, 57, 2, 0.89, CI, 1605836402 
Vostok, 46.49, 135.88, 23.99, 97, 100, 4.68, RU, 1605836403 
Spearfish, 44.49, -103.86, 41, 47, 1, 5.82, US, 1605836405 
Buta, 2.79, 24.73, 69.6, 96, 62, 1.07, CD, 1605836406 
Tiksi, 71.69, 128.87, 2.64, 88, 100, 22.75, RU, 1605836407 
Obo, 5.4, 26.49, 69.96, 83, 10, 1.48, CF, 1605836409 
Preobrazheniye, 42.9, 133.91, 38.23, 87, 100, 12.24, RU, 1605836410 
Malanje, -9.54, 16.34, 64.69, 95, 100, 6.51, AO, 1605836410 
Dehlorān, 32.69, 47.27, 66.61, 41, 100, 8.72, IR, 1605836411 
Zhanakorgan, 43.91, 67.25, 9.5, 88, 0, 5.79, KZ, 1605836412 
Lake Havasu City, 34.48, -114.32, 73.4, 31, 1, 2.86, US, 1605836396 
Khor, 47.89, 134.95, 25.84, 81, 100, 13, RU, 1605836414 
Takoradze, 4.88, -1.76, 77.85, 85, 24, 6.6, GH, 1605836415 
Kumano, 34.34, 132.59, 71.01, 82, 75, 13.87, JP, 1605836416 
Bubaque, 11.28, -15.83, 82.09, 75, 9, 10.96, GW, 1605836417 
Filingué, 14.35, 3.32, 72.84, 22, 3, 7.18, NE, 1605836417 
Korhogo, 9.45, -5.63, 71.65, 53, 1, 2.21, CI, 1605836418 
Masuda, 34.67, 131.85, 66.2, 68, 75, 11.41, JP, 1605836419 
Northam, 51.03, -4.22, 48.99, 84, 100, 4, GB, 1605836419 
Māndal, 25.45, 74.57, 57.94, 45, 0, 5.37, IN, 1605836420 
Rexburg, 43.83, -111.79, 35.6, 64, 1, 10.29, US, 1605836421 
Guerrero, 17.67, -100, 65.91, 51, 15, 2.64, MX, 1605836421 
Kérouané, 9.27, -9.02, 69.57, 50, 0, 1.88, GN, 1605836422 
Broome, 42.25, -75.83, 42.01, 52, 1, 10.29, US, 1605836423 
Umluj, 25.02, 37.27, 74.26, 78, 6, 4.68, SA, 1605836424 
Bilma, 18.69, 12.92, 62.06, 32, 0, 14.14, NE, 1605836425 
Santa Maria, -29.68, -53.81, 62.6, 88, 40, 3.36, BR, 1605836425 
Adeje, 28.12, -16.73, 70, 72, 20, 11.41, ES, 1605836428 
Apiaí, -24.51, -48.84, 52.77, 100, 84, 2.98, BR, 1605836429 
Shrīgonda, 18.62, 74.68, 74.19, 72, 52, 3.87, IN, 1605836430 
Ziro, 27.63, 93.83, 44.62, 100, 95, 1.61, IN, 1605836431 
Guánica, 17.97, -66.91, 75, 91, 19, 5.1, PR, 1605836432 
Torbat-e Jām, 35.24, 60.62, 26.82, 84, 4, 0.78, IR, 1605836432 
Mount Gambier, -37.83, 140.77, 66.2, 63, 90, 12.75, AU, 1605836191 
Narsaq, 60.92, -46.05, 30.2, 92, 100, 4.34, GL, 1605836434 
Tam Ky, 15.57, 108.48, 82.4, 74, 40, 2.24, VN, 1605836330 
Lebanon, 36.21, -86.29, 55.4, 30, 20, 5.82, US, 1605836136 
Yulara, -25.24, 130.99, 95, 15, 2, 9.17, AU, 1605836436 
Mahajanga, -15.72, 46.32, 77, 88, 20, 2.24, MG, 1605836353 
Mumbwa, -14.98, 27.06, 69.26, 79, 54, 0.94, ZM, 1605836438 
Vao, -22.67, 167.48, 74.03, 73, 16, 15.35, NC, 1605836439 
Montepuez, -13.13, 39, 70.59, 94, 33, 2.91, MZ, 1605836440 
Te Anau, -45.42, 167.72, 64.09, 48, 98, 7.92, NZ, 1605836441 
Lovington, 32.94, -103.35, 68, 30, 5, 8.05, US, 1605836441 
Mongu, -15.25, 23.13, 70.43, 89, 100, 1.34, ZM, 1605836442 
Chegdomyn, 51.12, 133.02, 14.94, 85, 100, 0.98, RU, 1605836443 
Fukuechō, 32.69, 128.84, 60.8, 77, 75, 8.05, JP, 1605836444 
Nova Granada, -20.53, -49.31, 71.6, 64, 0, 4.7, BR, 1605836445 
Lakatoro, -16.1, 167.42, 82.4, 78, 90, 13.87, VU, 1605836445 
Dongying, 37.46, 118.49, 43.52, 61, 59, 6.33, CN, 1605836307 
Tabou, 4.42, -7.35, 78.69, 83, 15, 6.51, CI, 1605836447 
Hong Kong, 22.29, 114.16, 78.01, 78, 0, 5.48, HK, 1605836406 
Mossamedes, -15.2, 12.15, 67.71, 70, 56, 7.85, AO, 1605836449 
Khonsa, 27.02, 95.57, 63.66, 64, 0, 0.83, IN, 1605836450 
Arlit, 18.74, 7.39, 65.01, 28, 53, 4.76, NE, 1605836451 
Lhokseumawe, 5.18, 97.15, 82.54, 72, 100, 1.88, ID, 1605836453 
Calbuco, -41.77, -73.13, 53.6, 87, 75, 9.17, CL, 1605836453 
Tahoua, 14.89, 5.27, 70.36, 23, 14, 10.42, NE, 1605836454 
San Buenaventura, 27.08, -101.53, 75.2, 53, 20, 8.05, MX, 1605836455 
Lata, 40.16, -8.33, 61, 89, 0, 4.76, PT, 1605836456 
Mayor Pablo Lagerenza, -19.93, -60.77, 70.66, 45, 0, 5.01, PY, 1605836457 
Sitka, 57.05, -135.33, 39.2, 60, 75, 16.11, US, 1605836457 
Bandarbeyla, 9.49, 50.81, 74.21, 75, 100, 17.63, SO, 1605836458 
Oro Valley, 32.39, -110.97, 78.01, 26, 0, 5.23, US, 1605836459 
Grand Gaube, -20.01, 57.66, 70, 81, 55, 5.01, MU, 1605836460 
Vradiyivka, 47.86, 30.59, 33.62, 92, 100, 7.96, UA, 1605836462 
Policoro, 40.21, 16.67, 55, 86, 1, 3.04, IT, 1605836464 
Nur, 52.67, 22.32, 42.01, 73, 100, 5.01, PL, 1605836466 
Salekhard, 66.53, 66.6, 22.1, 98, 100, 13.49, RU, 1605836468 
Moerai, -22.43, -151.33, 75.54, 82, 9, 23.49, PF, 1605836468 
Aklavik, 68.22, -135.01, 3.2, 77, 0, 1.12, CA, 1605836469 
Nchelenge, -9.35, 28.73, 70.12, 85, 23, 3.13, ZM, 1605836471 
Jaumave, 23.42, -99.38, 73.4, 60, 40, 6.93, MX, 1605836472 
Paita, -5.09, -81.11, 65.44, 79, 100, 13.06, PE, 1605836473 
Sept-Îles, 50.2, -66.38, 21, 85, 90, 4.7, CA, 1605836300 
Djebeniana, 35.03, 10.91, 59, 87, 40, 3.36, TN, 1605836474 
Norman Wells, 65.28, -126.83, -14.8, 75, 5, 5.32, CA, 1605836475 
Jalingo, 8.88, 11.37, 75.94, 37, 99, 2.53, NG, 1605836476 
Maracaçumé, -2.04, -45.96, 73.89, 95, 92, 3.15, BR, 1605836476 
Naze, 28.37, 129.48, 80.6, 74, 75, 13.87, JP, 1605836477 
Korla, 41.76, 86.15, 28.74, 81, 99, 2.44, CN, 1605836478 
Half Moon Bay, 37.46, -122.43, 57.2, 81, 1, 8.05, US, 1605836319 
Iskateley, 67.68, 53.15, 39.58, 96, 100, 25.34, RU, 1605836480 
Santa Cruz del Sur, 20.71, -78, 76.53, 83, 45, 19.51, CU, 1605836481 
Port Shepstone, -30.74, 30.45, 62.67, 79, 85, 10.87, ZA, 1605836482 
Bongandanga, 1.5, 21.05, 71.02, 93, 70, 1.5, CD, 1605836483 
Barguzin, 53.62, 109.62, 11.3, 87, 62, 7, RU, 1605836485 
Forbes, -33.38, 148.02, 98.01, 21, 0, 1.01, AU, 1605836486 
Anchorage, 61.22, -149.9, 16, 78, 90, 5.82, US, 1605836486 
Puerto Colombia, 10.99, -74.95, 80.6, 83, 20, 5.82, CO, 1605836305 
Działdowo, 53.24, 20.17, 39.2, 69, 0, 12.75, PL, 1605836488 
Elban, 50.1, 136.51, 25.66, 74, 100, 8.46, RU, 1605836488 
Bukachacha, 52.98, 116.92, 14.43, 85, 22, 7.14, RU, 1605836489 
Kataysk, 56.29, 62.58, 22.78, 86, 99, 15.52, RU, 1605836490 
Aquidauana, -20.47, -55.79, 69.42, 59, 0, 3.53, BR, 1605836490 
Vyazemskiy, 47.54, 134.75, 25.79, 86, 100, 8.5, RU, 1605836345 
Djambala, -2.54, 14.75, 66.54, 99, 100, 3.33, CG, 1605836492 
Tulu Bolo, 8.67, 38.22, 47.43, 56, 0, 2.84, ET, 1605836493 
Englewood, 39.65, -104.99, 53.6, 37, 20, 6.93, US, 1605836408 
Bonthe, 7.53, -12.51, 78.6, 85, 0, 5.06, SL, 1605836495 
Riyadh, 24.69, 46.72, 64.4, 52, 0, 5.82, SA, 1605836408 
Krasnosel'kup, 65.7, 82.47, 13.84, 96, 99, 14.12, RU, 1605836497 
Trat, 12.5, 102.5, 90, 72, 10, 3.27, TH, 1605836497 
Singaraja, -8.11, 115.09, 88.07, 59, 37, 2.77, ID, 1605836293 
Matara, 5.95, 80.54, 78.66, 86, 79, 1.34, LK, 1605836499 
Azul, -36.78, -59.86, 55.2, 72, 0, 10, AR, 1605836500 
Samarai, -10.62, 150.67, 82.27, 80, 82, 12.08, PG, 1605836500 
Ca Mau, 9.18, 105.15, 83.98, 79, 79, 10.04, VN, 1605836501 
Altus, 34.64, -99.33, 69.8, 56, 1, 12.75, US, 1605836502 
Lorengau, -2.02, 147.27, 85.75, 68, 87, 5.35, PG, 1605836502 
East Lansing, 42.74, -84.48, 59, 49, 1, 13.87, US, 1605836343 
Biasong, 10.52, 123.74, 86, 70, 20, 6.93, PH, 1605836504 
Yinchuan, 38.47, 106.27, 36.81, 71, 100, 9.28, CN, 1605836504 
Le Port, -20.94, 55.29, 69.8, 60, 90, 4.7, RE, 1605836285 
Monrovia, 6.3, -10.8, 77, 94, 75, 5.46, LR, 1605836473 
Cotonou, 6.37, 2.42, 80.6, 83, 20, 5.82, BJ, 1605836506 
Ukiah, 39.15, -123.21, 55.4, 66, 1, 3.36, US, 1605836460 
Micheweni, -4.97, 39.83, 80.24, 82, 50, 11.32, TZ, 1605836508 
Petropavlovsk-Kamchatskiy, 53.05, 158.65, 33.8, 37, 3, 13.42, RU, 1605836301 
Saint-Augustin, 51.23, -58.65, 22.3, 84, 0, 9.93, CA, 1605836227 
Worthing, 50.81, -0.37, 37, 94, 100, 1.99, GB, 1605836510 
Asău, 46.43, 26.4, 34, 42, 0, 4.36, RO, 1605836510 
Fonte Boa, -2.5, -66.27, 78.69, 80, 2, 1.77, BR, 1605836511 
Ust-Nera, 64.57, 143.2, -18.98, 78, 97, 4.99, RU, 1605836512 
Gamba, -2.65, 10, 75.16, 94, 100, 4.59, GA, 1605836512 
Belyy Gorodok, 56.97, 37.51, 34.23, 87, 100, 15.79, RU, 1605836513 
Nome, 64.5, -165.41, 21.2, 79, 90, 19.46, US, 1605836514 
Consolación del Sur, 22.5, -83.51, 69.87, 89, 8, 7.38, CU, 1605836517 
Inhambane, -23.86, 35.38, 74.03, 85, 22, 10.16, MZ, 1605836518 
Dubrovnik, 42.65, 18.09, 53.6, 66, 0, 6.93, HR, 1605836342 
Hamilton, 39.18, -84.53, 57.99, 33, 1, 13.87, US, 1605836520 
Ambanja, -13.68, 48.45, 72.93, 91, 24, 1.77, MG, 1605836522 
Teknāf, 20.86, 92.31, 73.87, 64, 0, 4.81, BD, 1605836523 
Albanel, 48.88, -72.45, 26.6, 86, 100, 6.93, CA, 1605836524 
Khovd, 48.01, 91.64, 7.74, 74, 0, 5.03, MN, 1605836525 
Geraldton, -28.77, 114.6, 73.4, 56, 0, 16.11, AU, 1605836526 
Chamba, 32.57, 76.13, 43.34, 49, 0, 9.95, IN, 1605836526 
Uvira, -3.41, 29.15, 71.78, 61, 26, 3.6, CD, 1605836526 
Brooks, 50.58, -111.89, 12.2, 85, 92, 4.7, CA, 1605836527 
Wakkanai, 45.41, 141.67, 37.4, 93, 75, 25.28, JP, 1605836527 
Taltal, -25.4, -70.48, 57.27, 72, 0, 3.18, CL, 1605836527 
Kirishi, 59.45, 32.02, 43, 88, 100, 14.07, RU, 1605836528 
Kashgar, 39.45, 75.98, 35.6, 74, 75, 4.47, CN, 1605836529 
Auki, -8.77, 160.7, 77.45, 91, 100, 6.98, SB, 1605836529 
Alenquer, -1.94, -54.74, 80.6, 88, 20, 9.17, BR, 1605836323 
Praia, 14.92, -23.51, 77, 83, 0, 14.99, CV, 1605836529 
Hongjiang, 27.11, 110, 62.56, 75, 68, 3, CN, 1605836530 
Erzin, 36.96, 36.2, 59, 63, 100, 5.99, TR, 1605836530 
Banda Aceh, 5.56, 95.32, 83.1, 66, 23, 1.72, ID, 1605836530 
Neuquén, -38.95, -68.06, 82.4, 28, 0, 6.93, AR, 1605836359 
Wiang Sa, 8.64, 99.37, 87.01, 100, 20, 3.36, TH, 1605836531 
Canberra, -35.28, 149.13, 87.01, 45, 0, 9.17, AU, 1605836531 
Bartica, 6.4, -58.62, 77, 94, 75, 4.7, GY, 1605836532 
Mayo, 38.89, -76.51, 48.99, 52, 1, 8.05, US, 1605836532 
Arica, -18.48, -70.3, 58.82, 83, 0, 1.79, CL, 1605836533 
Mumford, 5.26, -0.76, 78.42, 84, 44, 8.01, GH, 1605836533 
Touros, -5.2, -35.46, 78.8, 83, 0, 4.7, BR, 1605836533 
Umm Kaddadah, 13.6, 26.69, 71.47, 25, 0, 14.58, SD, 1605836533 
Waddān, 29.16, 16.14, 58.24, 68, 0, 8.1, LY, 1605836534 
Kokkola, 63.84, 23.13, 34, 92, 20, 5.82, FI, 1605836534 
Alice Springs, -23.7, 133.88, 95, 13, 40, 1.12, AU, 1605836535 
Wucheng, 29.6, 118.17, 64, 82, 100, 3.91, CN, 1605836535 
Nadym, 65.53, 72.52, 21.16, 97, 100, 18.59, RU, 1605836536 
Praia, 14.92, -23.51, 77, 83, 0, 14.99, CV, 1605836536 
Gondanglegi, -7.75, 112.01, 85.98, 68, 44, 8.93, ID, 1605836537 
Bichura, 50.59, 107.6, 12.11, 85, 0, 3, RU, 1605836537 
Kizema, 61.11, 44.83, 37.44, 86, 100, 15.01, RU, 1605836538 
Abhā, 18.22, 42.51, 53.6, 81, 0, 0.69, SA, 1605836538 
Mauganj, 24.68, 81.88, 67.93, 84, 57, 5.23, IN, 1605836538 
Broken Hill, -31.95, 141.43, 86, 19, 40, 14.99, AU, 1605836539 
Jadu, 31.95, 12.03, 54.55, 95, 30, 6.35, LY, 1605836539 
Río Gallegos, -51.62, -69.22, 60.8, 48, 0, 10.29, AR, 1605836475 
Kismayo, -0.36, 42.55, 78.98, 82, 0, 11.32, SO, 1605836540 
Lerwick, 60.15, -1.15, 37.4, 69, 87, 2.24, GB, 1605836540 
Atikokan, 48.76, -91.62, 27.34, 97, 0, 3.42, CA, 1605836541 
Lagunas, -5.23, -75.68, 74.8, 95, 100, 1.72, PE, 1605836541 
Rancho Palos Verdes, 33.74, -118.39, 57.99, 82, 0, 8.1, US, 1605836526 
Atar, 20.52, -13.05, 73.71, 23, 7, 9.95, MR, 1605836542 
Kandrian, -6.22, 149.55, 83.44, 81, 99, 10.25, PG, 1605836542 
Batagay-Alyta, 67.8, 130.41, -5.46, 82, 87, 2.8, RU, 1605836542 
Espinosa, -14.93, -42.82, 70.7, 92, 100, 2.57, BR, 1605836543 
Acajutla, 13.59, -89.83, 72, 100, 100, 2.46, SV, 1605836543 
Belize, 17.25, -88.75, 73.99, 86, 96, 1.61, BZ, 1605836543 
Tiarei, -17.53, -149.33, 84.2, 66, 75, 10.29, PF, 1605836543 
Alcúdia, 39.85, 3.12, 60.01, 84, 99, 3, ES, 1605836544 
Ketchikan, 55.34, -131.65, 35.6, 100, 90, 13.87, US, 1605836544 
Cooma, -36.23, 149.13, 84.2, 14, 0, 12.75, AU, 1605836544 
Prince Rupert, 54.32, -130.32, 39.2, 86, 75, 9.17, CA, 1605836545 
Leningradskiy, 69.38, 178.42, 26.53, 98, 100, 2.53, RU, 1605836545 
Batagay, 67.63, 134.63, -13.47, 87, 10, 4.09, RU, 1605836545 
Gigmoto, 13.78, 124.39, 84.11, 75, 23, 6.35, PH, 1605836546 
Elko, 41, -115.5, 36, 56, 50, 8.99, US, 1605836546 
Norwich, 52.63, 1.3, 35.01, 83, 7, 5.82, GB, 1605836546 
Curuçá, -0.73, -47.85, 75.61, 92, 100, 3.06, BR, 1605836547 
City of San Pedro, 14.35, 121.02, 87.01, 66, 20, 5.82, PH, 1605836547 
Hedaru, -4.5, 37.9, 72.86, 80, 62, 5.5, TZ, 1605836548 
Nyurba, 63.28, 118.33, -2.18, 91, 90, 8.99, RU, 1605836548 
Contamana, -7.33, -75.02, 77.68, 77, 49, 3.71, PE, 1605836549 
Nemuro, 43.32, 145.57, 55.4, 93, 75, 11.41, JP, 1605836549 
Caborca, 30.58, -111.1, 75.99, 32, 0, 8.37, MX, 1605836549 
Stephenville, 32.22, -98.2, 66.2, 59, 1, 5.82, US, 1605836360 
Gornopravdinsk, 60.05, 69.9, 22.87, 92, 100, 13.15, RU, 1605836550 
San Policarpo, 12.18, 125.51, 84.67, 70, 27, 6.4, PH, 1605836550 
Port Augusta, -32.5, 137.77, 91, 68, 2, 16.11, AU, 1605836550 
Cedar City, 37.68, -113.06, 48.2, 34, 1, 5.82, US, 1605836540 
Mangalia, 43.8, 28.58, 43, 87, 90, 8.05, RO, 1605836477 
Vilyuysk, 63.76, 121.62, -8.27, 90, 60, 6.78, RU, 1605836551 
Orlik, 52.52, 99.83, -7.17, 78, 86, 3.47, RU, 1605836551 
Kamen'-na-Obi, 53.79, 81.34, 11.89, 95, 100, 11.41, RU, 1605836552 
Saint-Pierre, -21.34, 55.48, 69.8, 56, 20, 9.17, RE, 1605836552 
Ust-Tsilma, 65.44, 52.15, 41.25, 86, 100, 14.56, RU, 1605836553 
Puerto Rico, -26.8, -55.02, 63.19, 70, 2, 2.08, AR, 1605836553 
Klyuchi, 52.27, 79.17, 10.47, 94, 44, 9.66, RU, 1605836553 
Anloga, 5.79, 0.9, 78.8, 94, 20, 5.82, GH, 1605836554 
Gorontalo, 0.54, 123.06, 89.96, 58, 15, 2.21, ID, 1605836379 
Antón Lizardo, 19.05, -95.98, 77, 73, 90, 16.11, MX, 1605836554 
Maridi, 4.92, 29.47, 69.08, 84, 0, 0.74, SS, 1605836555 
Esim, 4.87, -2.24, 77.74, 85, 22, 6.2, GH, 1605836555 
Yārāda, 17.65, 83.27, 71.6, 100, 40, 2.24, IN, 1605836556 
Ntoum, 0.38, 9.78, 78.8, 88, 75, 11.41, GA, 1605836557 
Biak, -0.91, 122.88, 85.37, 65, 95, 1.23, ID, 1605836557 
Waipawa, -41.41, 175.52, 64.4, 68, 81, 17.22, NZ, 1605836557 
Bilibino, 68.05, 166.44, 10.69, 88, 100, 1.86, RU, 1605836557 
Peterhead, 57.51, -1.8, 32, 79, 1, 3.36, GB, 1605836558 
